0.9696994837813921
0.970769745792588
0.9763840015661647
0.9848238394525182
0.9945890302200008
1.0044209898683603
1.0133012821542027
1.0204368320868127
1.0252406086911467
1.0273134110383237
1.026429993232847
1.0225312289410207
1.0157231440917018
1.0062831504668581
0.9946733992567561
0.9815605337696405
0.9678398997036046
0.9546600785177928
0.9434401679521643
0.9358678196586154
0.9338622776545246
0.9394872316005406
0.9548081624888449
0.9817100181699471
1.0217161633593428
1.0758613888756965
1.1446563571597594
1.1565035168754045
1.1242486080437628
1.0183178523168166
0.9518536452275571
0.9215008474636873
0.9201725030075826
0.9387658749523907
0.9683568786397677
1.0015698666378814
1.032933134267282
1.058675286039543
1.076376482083624
1.084670778393519
1.0830566406273563
1.0718203321295507
1.0520674570231856
1.025861169321668
0.9964621716181447
0.9686329626634057
0.948873557477937
0.9452861006065383
