0.621880663453056
0.6597629093694749
0.6951080418350045
0.7266107779271963
0.7534098269977672
0.7749526346817467
0.7909093685710745
0.8011211128521645
0.8055719333930268
0.8043786764506686
0.7977955195690867
0.7862326275660078
0.7702900117431045
0.7508087899963221
0.7289418496464726
0.7062426631001062
0.6847612133466332
0.6671149172857186
0.6564694215417856
0.6563377908799073
0.6701400568584757
0.7006089428721161
0.7493078534475571
0.8165261592038033
0.9015664013083035
1.111064777977572
0.7001776491756553
0.6874862608087549
0.6855909859311542
0.6917208727668323
0.7031592260161731
0.7174947900492463
0.7327379575846773
0.74733658892725
0.7601393020584606
0.7703422579751807
0.7774396179686192
0.7811865768112946
0.7815778091670262
0.778841487918895
0.7734479123274693
0.7661308444651855
0.7579177826671096
0.7501615853314809
0.744559449607031
0.7431371344742482
0.7481710691265998
0.7620280977649386
